(9+1)(9+1) 32000 2 2 0.0 0.0
(9+1)(9+1) 32000 3 2 0.0 0.0
(9+1)(9+1) 32000 4 2 0.0054 0.0007328601503697687
(9+1)(9+1) 32000 5 2 0.0284 0.0016611273280516456
(9+1)(9+1) 32000 6 2 0.0744 0.002624207308883961
(9+1)(9+1) 32000 7 2 0.1484 0.00355496047798003
(9+1)(9+1) 32000 8 2 0.2387 0.00426288998215999
(9+1)(9+1) 32000 9 2 0.3501 0.004770010377347202
(9+1)(9+1) 32000 10 2 0.4711 0.004991640912565726
(9+1)(9+1) 32000 11 2 0.5777 0.004939258142676894
(9+1)(9+1) 32000 12 2 0.6807 0.00466205437548727
(9+1)(9+1) 32000 13 2 0.7581 0.004282340364800538
(9+1)(9+1) 32000 14 2 0.8201 0.0038410413952468664
(9+1)(9+1) 32000 15 2 0.8741 0.0033173662746220833
(9+1)(9+1) 32000 16 2 0.9109 0.002848880306365993
(9+1)(9+1) 32000 17 2 0.9369 0.0024314273585694483
(9+1)(9+1) 32000 18 2 0.9586 0.001992135537557623
(9+1)(9+1) 32000 19 2 0.9664 0.0018019722528385383
(9+1)(9+1) 32000 20 2 0.9776 0.0014798053926107979
(9+1)(9+1) 32000 21 2 0.9865 0.0011540255629750996
(9+1)(9+1) 32000 22 2 0.9924 0.000868460707228603
(9+1)(9+1) 32000 23 2 0.9929 0.0008396183656876495
(9+1)(9+1) 32000 24 2 0.9958 0.0006467116822819873
(9+1)(9+1) 32000 25 2 0.9977 0.0004790313142165101
(9+1)(9+1) 32000 26 2 0.9985 0.00038700775186034013
(9+1)(9+1) 32000 27 2 0.9988 0.00034620225302559466
(9+1)(9+1) 32000 28 2 0.9995 0.00022355088906106927
(9+1)(9+1) 32000 29 2 0.9998 0.0001414072133945005
(9+1)(9+1) 32000 30 2 0.9996 0.0001999599959991888
(9+1)(9+1) 32000 31 2 0.9999 9.999499987498824e-05
(9+1)(9+1) 32000 32 2 1.0 0.0
(9+1)(9+1) 32000 33 2 1.0 0.0
(9+1)(9+1) 32000 34 2 1.0 0.0
(9+1)(9+1) 32000 35 2 1.0 0.0
(9+1)(9+1) 32000 36 2 1.0 0.0
(9+1)(9+1) 32000 37 2 1.0 0.0
(9+1)(9+1) 32000 38 2 1.0 0.0
(9+1)(9+1) 32000 39 2 1.0 0.0
(9+1)(9+1) 32000 40 2 1.0 0.0
(9+1)(9+1) 32000 41 2 1.0 0.0
(9+1)(9+1) 32000 42 2 1.0 0.0
(9+1)(9+1) 32000 43 2 1.0 0.0
(9+1)(9+1) 32000 44 2 1.0 0.0
(9+1)(9+1) 32000 45 2 1.0 0.0
(9+1)(9+1) 32000 46 2 1.0 0.0
(9+1)(9+1) 32000 47 2 1.0 0.0
(9+1)(9+1) 32000 48 2 1.0 0.0
(9+1)(9+1) 32000 49 2 1.0 0.0