(9+1)(9+1) 32000 4 4 0.0 0.0
(9+1)(9+1) 32000 5 4 0.0 0.0
(9+1)(9+1) 32000 6 4 0.0107 0.0010288590768419163
(9+1)(9+1) 32000 7 4 0.0394 0.0019454469923387786
(9+1)(9+1) 32000 8 4 0.0865 0.0028110096051063216
(9+1)(9+1) 32000 9 4 0.1488 0.0035589121933534687
(9+1)(9+1) 32000 10 4 0.2456 0.0043044237709593605
(9+1)(9+1) 32000 11 4 0.3503 0.004770638426877476
(9+1)(9+1) 32000 12 4 0.4586 0.004982830922277014
(9+1)(9+1) 32000 13 4 0.5607 0.004963018335650191
(9+1)(9+1) 32000 14 4 0.6493 0.004771891763231853
(9+1)(9+1) 32000 15 4 0.7307 0.004435961113445428
(9+1)(9+1) 32000 16 4 0.8031 0.0039765612028485105
(9+1)(9+1) 32000 17 4 0.8606 0.003463634507277002
(9+1)(9+1) 32000 18 4 0.9038 0.002948653251910098
(9+1)(9+1) 32000 19 4 0.9282 0.0025815646418402925
(9+1)(9+1) 32000 20 4 0.9574 0.002019535590179088
(9+1)(9+1) 32000 21 4 0.9755 0.0015459543977750431
(9+1)(9+1) 32000 22 4 0.9847 0.0012274326865453755
(9+1)(9+1) 32000 23 4 0.9917 0.0009072546500294155
(9+1)(9+1) 32000 24 4 0.9948 0.0007192329247191053
(9+1)(9+1) 32000 25 4 0.9965 0.000590571756859397
(9+1)(9+1) 32000 26 4 0.9983 0.00041195994950966224
(9+1)(9+1) 32000 27 4 0.9989 0.0003314800144805098
(9+1)(9+1) 32000 28 4 0.9999 9.999499987498824e-05
(9+1)(9+1) 32000 29 4 0.9997 0.00017317909804591517
(9+1)(9+1) 32000 30 4 0.9998 0.0001414072133945005
(9+1)(9+1) 32000 31 4 0.9999 9.999499987498824e-05
(9+1)(9+1) 32000 32 4 1.0 0.0
(9+1)(9+1) 32000 33 4 0.9999 9.999499987498824e-05
(9+1)(9+1) 32000 34 4 1.0 0.0
(9+1)(9+1) 32000 35 4 1.0 0.0
(9+1)(9+1) 32000 36 4 1.0 0.0
(9+1)(9+1) 32000 37 4 1.0 0.0
(9+1)(9+1) 32000 38 4 1.0 0.0
(9+1)(9+1) 32000 39 4 1.0 0.0
(9+1)(9+1) 32000 40 4 1.0 0.0
(9+1)(9+1) 32000 41 4 1.0 0.0
(9+1)(9+1) 32000 42 4 1.0 0.0
(9+1)(9+1) 32000 43 4 1.0 0.0
(9+1)(9+1) 32000 44 4 1.0 0.0
(9+1)(9+1) 32000 45 4 1.0 0.0
(9+1)(9+1) 32000 46 4 1.0 0.0
(9+1)(9+1) 32000 47 4 1.0 0.0
(9+1)(9+1) 32000 48 4 1.0 0.0
(9+1)(9+1) 32000 49 4 1.0 0.0