(8+2)(1+0) 32000 4 4 1.00E-07
(8+2)(1+0) 32000 5 4 7.00E-07
(8+2)(1+0) 32000 6 4 8.00E-07
(8+2)(1+0) 32000 7 4 1.60E-06
(8+2)(1+0) 32000 8 4 1.70E-06
(8+2)(1+0) 32000 9 4 3.00E-06
(8+2)(1+0) 32000 10 4 4.10E-06
(8+2)(1+0) 32000 11 4 6.20E-06
(8+2)(1+0) 32000 12 4 6.10E-06
(8+2)(1+0) 32000 13 4 8.80E-06
(8+2)(1+0) 32000 14 4 1.05E-05
(8+2)(1+0) 32000 15 4 1.11E-05
(8+2)(1+0) 32000 16 4 1.55E-05
(8+2)(1+0) 32000 17 4 2.04E-05
(8+2)(1+0) 32000 18 4 2.30E-05
(8+2)(1+0) 32000 19 4 2.75E-05
(8+2)(1+0) 32000 20 4 3.36E-05
(8+2)(1+0) 32000 21 4 5.2e-05 52 100000
(8+2)(1+0) 32000 22 4 5.1e-05 51 100000
(8+2)(1+0) 32000 23 4 4.7e-05 47 100000
(8+2)(1+0) 32000 24 4 6.7e-05 67 100000
(8+2)(1+0) 32000 25 4 6.2e-05 62 100000
(8+2)(1+0) 32000 26 4 7.3e-05 73 100000
(8+2)(1+0) 32000 27 4 0.000101 101 100000
(8+2)(1+0) 32000 28 4 8.9e-05 89 100000
(8+2)(1+0) 32000 29 4 0.000108 108 100000
(8+2)(1+0) 32000 30 4 0.00011 110 100000
(8+2)(1+0) 32000 31 4 0.000131 131 100000
(8+2)(1+0) 32000 32 4 0.000166 166 100000
(8+2)(1+0) 32000 33 4 0.000156 156 100000
(8+2)(1+0) 32000 34 4 0.000161 161 100000
(8+2)(1+0) 32000 35 4 0.000183 183 100000
(8+2)(1+0) 32000 36 4 0.000226 226 100000
(8+2)(1+0) 32000 37 4 0.00023 230 100000
(8+2)(1+0) 32000 38 4 0.000243 243 100000
(8+2)(1+0) 32000 39 4 0.000263 263 100000
(8+2)(1+0) 32000 40 4 0.000282 282 100000
(8+2)(1+0) 32000 41 4 0.000325 325 100000
(8+2)(1+0) 32000 42 4 0.000331 331 100000
(8+2)(1+0) 32000 43 4 0.000354 354 100000
(8+2)(1+0) 32000 44 4 0.000387 387 100000
(8+2)(1+0) 32000 45 4 0.000406 406 100000
(8+2)(1+0) 32000 46 4 0.000444 444 100000
(8+2)(1+0) 32000 47 4 0.000453 453 100000
(8+2)(1+0) 32000 48 4 0.000497 497 100000
(8+2)(1+0) 32000 49 4 0.000494 494 100000
(8+2)(1+0) 32000 50 4 0.000607 607 100000