(9+1)(9+1) 32000 2 2 0.0 0.0
(9+1)(9+1) 32000 3 2 0.0 0.0
(9+1)(9+1) 32000 4 2 0.0 0.0
(9+1)(9+1) 32000 5 2 0.0002 0.00014140721339450828
(9+1)(9+1) 32000 6 2 0.0002 0.00014140721339450828
(9+1)(9+1) 32000 7 2 0.0011 0.00033148001448051134
(9+1)(9+1) 32000 8 2 0.0029 0.0005377350648786073
(9+1)(9+1) 32000 9 2 0.0062 0.0007849560497250786
(9+1)(9+1) 32000 10 2 0.0106 0.0010240917927607856
(9+1)(9+1) 32000 11 2 0.0142 0.001183146651941339
(9+1)(9+1) 32000 12 2 0.0197 0.0013896729831150924
(9+1)(9+1) 32000 13 2 0.0332 0.0017915847733222115
(9+1)(9+1) 32000 14 2 0.0381 0.0019143769221341967
(9+1)(9+1) 32000 15 2 0.0509 0.0021979351673786923
(9+1)(9+1) 32000 16 2 0.0695 0.0025430247737684352
(9+1)(9+1) 32000 17 2 0.0834 0.0027648587667365577
(9+1)(9+1) 32000 18 2 0.0996 0.0029946592460578883
(9+1)(9+1) 32000 19 2 0.1282 0.0033431236890070336
(9+1)(9+1) 32000 20 2 0.146 0.0035310621631458147
(9+1)(9+1) 32000 21 2 0.1702 0.0037580840863397406
(9+1)(9+1) 32000 22 2 0.1989 0.003991726318273837
(9+1)(9+1) 32000 23 2 0.2371 0.0042530411472263
(9+1)(9+1) 32000 24 2 0.2597 0.0043846996476383645
(9+1)(9+1) 32000 25 2 0.3025 0.0045934055993347685
(9+1)(9+1) 32000 26 2 0.3333 0.004713927343521536
(9+1)(9+1) 32000 27 2 0.3702 0.004828581158062894
(9+1)(9+1) 32000 28 2 0.3966 0.004891916188979529
(9+1)(9+1) 32000 29 2 0.4426 0.004966943124296875
(9+1)(9+1) 32000 30 2 0.469 0.004990380746997166
(9+1)(9+1) 32000 31 2 0.5026 0.004999932399543018
(9+1)(9+1) 32000 32 2 0.5511 0.00497381935739528
(9+1)(9+1) 32000 33 2 0.5767 0.004940820883213639
(9+1)(9+1) 32000 34 2 0.6093 0.004879072760269107
(9+1)(9+1) 32000 35 2 0.6408 0.004797659429346772
(9+1)(9+1) 32000 36 2 0.6678 0.004710022929880491
(9+1)(9+1) 32000 37 2 0.6986 0.004588660370957955
(9+1)(9+1) 32000 38 2 0.7303 0.004438039094014383
(9+1)(9+1) 32000 39 2 0.7524 0.004316181645853196
(9+1)(9+1) 32000 40 2 0.7775 0.004159251735588987
(9+1)(9+1) 32000 41 2 0.7944 0.004041393818968896
(9+1)(9+1) 32000 42 2 0.8173 0.003864203798973341
(9+1)(9+1) 32000 43 2 0.8336 0.0037243931049232705
(9+1)(9+1) 32000 44 2 0.8493 0.003577562158789138
(9+1)(9+1) 32000 45 2 0.8733 0.0033263660351801334
(9+1)(9+1) 32000 46 2 0.8853 0.003186595518731551
(9+1)(9+1) 32000 47 2 0.9017 0.0029771985153832126
(9+1)(9+1) 32000 48 2 0.9035 0.0029527571860889614
(9+1)(9+1) 32000 49 2 0.9186 0.002734484229246898
(9+1)(9+1) 32000 50 2 0.93 0.002551470164434614
(9+1)(9+1) 32000 51 2 0.9376 0.0024188063171738244
(9+1)(9+1) 32000 52 2 0.9463 0.0022542473244965815
(9+1)(9+1) 32000 53 2 0.9522 0.0021334282270561613
(9+1)(9+1) 32000 54 2 0.957 0.0020285709255532585
(9+1)(9+1) 32000 55 2 0.9651 0.001835265375906167
(9+1)(9+1) 32000 56 2 0.9718 0.0016554383105389342
(9+1)(9+1) 32000 57 2 0.9748 0.001567321281677755
(9+1)(9+1) 32000 58 2 0.9749 0.001564288656226849
(9+1)(9+1) 32000 59 2 0.9814 0.0013510751274448047
(9+1)(9+1) 32000 60 2 0.9851 0.0012115275481803963
(9+1)(9+1) 32000 61 2 0.9874 0.0011154030661603878
(9+1)(9+1) 32000 62 2 0.9897 0.0010096489488926326
(9+1)(9+1) 32000 63 2 0.9905 0.0009700386590234409
(9+1)(9+1) 32000 64 2 0.99 0.0009949874371066203
(9+1)(9+1) 32000 65 2 0.9938 0.0007849560497250775
(9+1)(9+1) 32000 66 2 0.994 0.0007722693830523133
(9+1)(9+1) 32000 67 2 0.9951 0.00069828289396204
(9+1)(9+1) 32000 68 2 0.9944 0.0007462332075162595
(9+1)(9+1) 32000 69 2 0.9962 0.0006152690468404879
(9+1)(9+1) 32000 70 2 0.9969 0.0005559127629403729
(9+1)(9+1) 32000 71 2 0.9979 0.0004577761461675336
(9+1)(9+1) 32000 72 2 0.9978 0.0004685253461660297
(9+1)(9+1) 32000 73 2 0.9973 0.0005189132875539068
(9+1)(9+1) 32000 74 2 0.9987 0.00036032069049666963
(9+1)(9+1) 32000 75 2 0.9983 0.00041195994950966224
(9+1)(9+1) 32000 76 2 0.9994 0.0002448754785600316
(9+1)(9+1) 32000 77 2 0.9989 0.0003314800144805098
(9+1)(9+1) 32000 78 2 0.9992 0.00028272955275316074
(9+1)(9+1) 32000 79 2 0.9997 0.00017317909804591517
(9+1)(9+1) 32000 80 2 0.9996 0.0001999599959991888
(9+1)(9+1) 32000 81 2 0.9999 9.999499987498824e-05
(9+1)(9+1) 32000 82 2 0.9998 0.0001414072133945005
(9+1)(9+1) 32000 83 2 1.0 0.0
(9+1)(9+1) 32000 84 2 0.9998 0.0001414072133945005
(9+1)(9+1) 32000 85 2 0.9997 0.00017317909804591517
(9+1)(9+1) 32000 86 2 0.9999 9.999499987498824e-05
(9+1)(9+1) 32000 87 2 1.0 0.0
(9+1)(9+1) 32000 88 2 1.0 0.0
(9+1)(9+1) 32000 89 2 1.0 0.0
(9+1)(9+1) 32000 90 2 1.0 0.0
(9+1)(9+1) 32000 91 2 1.0 0.0
(9+1)(9+1) 32000 92 2 1.0 0.0
(9+1)(9+1) 32000 93 2 1.0 0.0
(9+1)(9+1) 32000 94 2 1.0 0.0
(9+1)(9+1) 32000 95 2 1.0 0.0
(9+1)(9+1) 32000 96 2 1.0 0.0
(9+1)(9+1) 32000 97 2 1.0 0.0
(9+1)(9+1) 32000 98 2 1.0 0.0
(9+1)(9+1) 32000 99 2 1.0 0.0