(9+1)(9+1) 32000 4 4 0.0 0.0
(9+1)(9+1) 32000 5 4 0.0 0.0
(9+1)(9+1) 32000 6 4 0.0 0.0
(9+1)(9+1) 32000 7 4 0.0003 0.0001731790980459247
(9+1)(9+1) 32000 8 4 0.0011 0.00033148001448051134
(9+1)(9+1) 32000 9 4 0.0011 0.00033148001448051134
(9+1)(9+1) 32000 10 4 0.0025 0.0004993746088859545
(9+1)(9+1) 32000 11 4 0.0047 0.0006839524837296814
(9+1)(9+1) 32000 12 4 0.0071 0.0008396183656876498
(9+1)(9+1) 32000 13 4 0.0098 0.0009850867982061275
(9+1)(9+1) 32000 14 4 0.016 0.0012547509713086498
(9+1)(9+1) 32000 15 4 0.0214 0.0014471364828515657
(9+1)(9+1) 32000 16 4 0.0283 0.0016582855604509136
(9+1)(9+1) 32000 17 4 0.0367 0.0018802422716235271
(9+1)(9+1) 32000 18 4 0.0478 0.002133428227056162
(9+1)(9+1) 32000 19 4 0.0535 0.0022502833154960733
(9+1)(9+1) 32000 20 4 0.0678 0.0025140238662351637
(9+1)(9+1) 32000 21 4 0.0782 0.0026848605177923115
(9+1)(9+1) 32000 22 4 0.0966 0.002954123220178874
(9+1)(9+1) 32000 23 4 0.1158 0.0031998493714548502
(9+1)(9+1) 32000 24 4 0.1297 0.0033597307927868266
(9+1)(9+1) 32000 25 4 0.1471 0.003542055759019048
(9+1)(9+1) 32000 26 4 0.1675 0.0037342167853513806
(9+1)(9+1) 32000 27 4 0.1958 0.003968152718835302
(9+1)(9+1) 32000 28 4 0.2179 0.004128190765940934
(9+1)(9+1) 32000 29 4 0.2471 0.004313253876135742
(9+1)(9+1) 32000 30 4 0.2673 0.004425502344367247
(9+1)(9+1) 32000 31 4 0.2948 0.0045595280457521046
(9+1)(9+1) 32000 32 4 0.3211 0.004668991218668118
(9+1)(9+1) 32000 33 4 0.3549 0.004784830091027266
(9+1)(9+1) 32000 34 4 0.3771 0.004846602830849666
(9+1)(9+1) 32000 35 4 0.4084 0.004915378317077944
(9+1)(9+1) 32000 36 4 0.4372 0.0049604048221894145
(9+1)(9+1) 32000 37 4 0.4772 0.004994798894850522
(9+1)(9+1) 32000 38 4 0.4846 0.004997627837284406
(9+1)(9+1) 32000 39 4 0.521 0.004995588053472784
(9+1)(9+1) 32000 40 4 0.5481 0.004976810122960289
(9+1)(9+1) 32000 41 4 0.5684 0.004952993438315863
(9+1)(9+1) 32000 42 4 0.6127 0.0048713315428124985
(9+1)(9+1) 32000 43 4 0.6347 0.004815141846301103
(9+1)(9+1) 32000 44 4 0.6639 0.0047237357038682854
(9+1)(9+1) 32000 45 4 0.6859 0.004641564283730216
(9+1)(9+1) 32000 46 4 0.699 0.004586927075940929
(9+1)(9+1) 32000 47 4 0.7304 0.004437520028123816
(9+1)(9+1) 32000 48 4 0.757 0.004288950920679787
(9+1)(9+1) 32000 49 4 0.7711 0.004201247314786408
(9+1)(9+1) 32000 50 4 0.7876 0.004090064058178063
(9+1)(9+1) 32000 51 4 0.8113 0.003912701240830942
(9+1)(9+1) 32000 52 4 0.8275 0.0037781443858063445
(9+1)(9+1) 32000 53 4 0.8431 0.003637064613118662
(9+1)(9+1) 32000 54 4 0.8666 0.0034000652934906995
(9+1)(9+1) 32000 55 4 0.8685 0.0033794637148518098
(9+1)(9+1) 32000 56 4 0.8898 0.003131388829257714
(9+1)(9+1) 32000 57 4 0.8982 0.003023851186814589
(9+1)(9+1) 32000 58 4 0.9076 0.002895897788251513
(9+1)(9+1) 32000 59 4 0.9179 0.002745170122232864
(9+1)(9+1) 32000 60 4 0.9257 0.0026225847936720754
(9+1)(9+1) 32000 61 4 0.938 0.002411555514600484
(9+1)(9+1) 32000 62 4 0.9429 0.0023203359670530476
(9+1)(9+1) 32000 63 4 0.9465 0.0022502833154960733
(9+1)(9+1) 32000 64 4 0.9538 0.0020991798398422184
(9+1)(9+1) 32000 65 4 0.9604 0.0019501753767289746
(9+1)(9+1) 32000 66 4 0.9668 0.0017915847733222115
(9+1)(9+1) 32000 67 4 0.9722 0.0016439939172636876
(9+1)(9+1) 32000 68 4 0.9752 0.0015551514395710805
(9+1)(9+1) 32000 69 4 0.978 0.001466833323864713
(9+1)(9+1) 32000 70 4 0.9844 0.0012392191089553109
(9+1)(9+1) 32000 71 4 0.9832 0.0012852143790045313
(9+1)(9+1) 32000 72 4 0.9883 0.00107531902243009
(9+1)(9+1) 32000 73 4 0.9866 0.0011498017220373245
(9+1)(9+1) 32000 74 4 0.9884 0.0010707679487171838
(9+1)(9+1) 32000 75 4 0.9914 0.0009233655830709768
(9+1)(9+1) 32000 76 4 0.9927 0.0008512761009214327
(9+1)(9+1) 32000 77 4 0.9924 0.000868460707228603
(9+1)(9+1) 32000 78 4 0.9947 0.0007260791967822775
(9+1)(9+1) 32000 79 4 0.9956 0.0006618640343756382
(9+1)(9+1) 32000 80 4 0.995 0.0007053367989832945
(9+1)(9+1) 32000 81 4 0.9972 0.0005284089325512983
(9+1)(9+1) 32000 82 4 0.9977 0.0004790313142165101
(9+1)(9+1) 32000 83 4 0.9979 0.0004577761461675336
(9+1)(9+1) 32000 84 4 0.9982 0.00042388205906832433
(9+1)(9+1) 32000 85 4 0.9977 0.0004790313142165101
(9+1)(9+1) 32000 86 4 0.9987 0.00036032069049666963
(9+1)(9+1) 32000 87 4 0.9985 0.00038700775186034013
(9+1)(9+1) 32000 88 4 0.9986 0.0003739037309254826
(9+1)(9+1) 32000 89 4 0.9996 0.0001999599959991888
